    unsorted:	 0.004934987258 249.9214394 250.2972231 250.8797106 255.3616867 256.0156351 245.6586478 247.2435584 258.7340277 260.9373113 265.1384591 267.0349247 271.4744902 274.2927538 278.8086840 282.2044783 284.6898262 286.1207673 290.6132875 240.1574610 294.3759931 237.5122822 301.6207865 309.1256926 311.9360757 316.5809262 318.2660822 320.8521801 325.0481901 325.7177290 231.4151545 333.2223387 222.6621249 344.1163812 346.4455256 352.5908404 357.5983737 364.1876731 371.2897730 379.8648675 383.3439265 387.1254844 396.4361561 400.8648064 196.4626763 415.2829782 418.3640223 183.9657663 179.4916704 435.2757269 431.6730131 163.6686916 157.3858252 453.7389881 452.5618084 468.3455580 474.5053989 147.3316869 0.04804036579 0.05923629727 0.04063930543 0.02738929050 0.01767226551 0.07824818915 0.5558709252 1.741276673 2.676346109 5.043257814 5.108849025 6.450817511 12.51571592 12.65020543 14.00018909 14.67560288 15.83122492 22.51235181 25.18476696 34.19196557 35.33980172 46.01034280 58.91130922 56.09326211 109.3631090 117.9358210 96.06355790 485.8556210 490.1430235 504.5087303 508.3487667 525.9084097 537.8506825 545.8716877 556.9000656 571.7387023 581.0822258 611.7544750 622.9019290 634.1355677 660.0406984 667.1482421 678.6616826 718.0090418 739.7409762 773.0872468 774.6702332 800.7078779 820.1819470 838.1064389 859.8480123 868.4954918 930.1257776 950.3720794 974.8609733 985.3678710 1037.807006 1069.104730 1089.245602 1125.363258 1187.730861 1248.700492 1292.831367 1376.135864 1447.416916 1527.176948 1625.494418 1654.834461 1758.055624 1900.021285 1985.167910 2097.333186 2244.080839 2299.995931 2382.322870 2634.053447 2838.321315 3099.263181 3502.104429 3953.147509 4069.253143 4500.918291 4992.173909 5149.394100 5934.084023 7117.202267 7295.257763 7789.915121 8607.793440 9294.478098 9357.827019 11545.61085 15318.89617 20116.25012 53134.96606 61425.33977 120056.0732 1366243.432
      sorted:	 0.004934987258 0.01767226551 0.02738929050 0.04063930543 0.04804036579 0.05923629727 0.07824818915 0.5558709252 1.741276673 2.676346109 5.043257814 5.108849025 6.450817511 12.51571592 12.65020543 14.00018909 14.67560288 15.83122492 22.51235181 25.18476696 34.19196557 35.33980172 46.01034280 56.09326211 58.91130922 96.06355790 109.3631090 117.9358210 147.3316869 157.3858252 163.6686916 179.4916704 183.9657663 196.4626763 222.6621249 231.4151545 237.5122822 240.1574610 245.6586478 247.2435584 249.9214394 250.2972231 250.8797106 255.3616867 256.0156351 258.7340277 260.9373113 265.1384591 267.0349247 271.4744902 274.2927538 278.8086840 282.2044783 284.6898262 286.1207673 290.6132875 294.3759931 301.6207865 309.1256926 311.9360757 316.5809262 318.2660822 320.8521801 325.0481901 325.7177290 333.2223387 344.1163812 346.4455256 352.5908404 357.5983737 364.1876731 371.2897730 379.8648675 383.3439265 387.1254844 396.4361561 400.8648064 415.2829782 418.3640223 431.6730131 435.2757269 452.5618084 453.7389881 468.3455580 474.5053989 485.8556210 490.1430235 504.5087303 508.3487667 525.9084097 537.8506825 545.8716877 556.9000656 571.7387023 581.0822258 611.7544750 622.9019290 634.1355677 660.0406984 667.1482421 678.6616826 718.0090418 739.7409762 773.0872468 774.6702332 800.7078779 820.1819470 838.1064389 859.8480123 868.4954918 930.1257776 950.3720794 974.8609733 985.3678710 1037.807006 1069.104730 1089.245602 1125.363258 1187.730861 1248.700492 1292.831367 1376.135864 1447.416916 1527.176948 1625.494418 1654.834461 1758.055624 1900.021285 1985.167910 2097.333186 2244.080839 2299.995931 2382.322870 2634.053447 2838.321315 3099.263181 3502.104429 3953.147509 4069.253143 4500.918291 4992.173909 5149.394100 5934.084023 7117.202267 7295.257763 7789.915121 8607.793440 9294.478098 9357.827019 11545.61085 15318.89617 20116.25012 53134.96606 61425.33977 120056.0732 1366243.432
