    unsorted:	 0.004934987258 250.4285242 250.2301304 251.0562400 249.3136382 255.5462505 257.5757039 259.8722037 260.6468109 263.7386146 246.7344862 266.5606282 270.4913311 272.8279793 274.9335384 279.1382024 241.2352647 284.8215971 285.6028402 290.8001287 294.2571380 295.4523305 239.2268634 301.0272398 305.7542201 312.8033818 317.8724286 321.0919999 322.6476351 324.1103791 228.8970959 332.0126065 341.9305523 344.8830258 220.0106040 352.4469090 357.2720337 364.7768141 205.6156343 374.7931954 378.0590260 382.4317671 387.2183249 396.5273554 403.7034726 413.6292998 182.9204666 179.2470088 42.83682515 428.0522567 0.04678356680 0.05630240576 0.04133401779 0.02758671666 0.01719124007 0.08166154906 433.7835627 155.8080026 135.2433885 1.217790692 1.684471711 2.665443551 4.941503540 6.037212177 6.622659323 15.15850300 14.20252859 14.59878351 12.78460656 12.18168572 21.46849195 24.18815728 35.47829513 38.38947607 39.79200230 45.52997078 124.1624235 117.9655587 116.9746081 57.77319711 56.01289716 104.8403896 445.3277992 452.6842778 461.2575796 467.5420019 470.5924927 482.8744543 489.1576500 497.6126011 505.6750098 521.5974298 536.9027713 547.6932134 570.4938370 581.6174770 603.3320298 624.1960362 631.2019403 660.0520405 669.4275449 677.1628202 715.5406837 729.2152971 761.8787008 775.3292417 782.7831076 804.4539455 835.7805957 853.0839810 862.2181223 912.4420758 932.2345409 969.7987663 975.4926206 1023.294579 1060.622888 1081.478807 1112.281492 1178.084167 1244.597881 1291.669213 1376.864843 1441.505156 1531.589049 1627.352941 1651.466934 1766.735997 1903.925499 1973.383889 2067.588009 2225.196286 2302.354205 2371.221829 2618.893948 2846.663156 3079.517874 3499.675380 3967.110520 4059.869616 4546.964902 5017.792477 5264.082597 5935.161377 7272.566833 7421.595941 7755.697631 8709.496999 9270.675082 9458.604764 11529.66879 15560.37440 20104.72520 54220.08572 61499.98221 120266.1079 1406927.485
      sorted:	 0.004934987258 0.01719124007 0.02758671666 0.04133401779 0.04678356680 0.05630240576 0.08166154906 1.217790692 1.684471711 2.665443551 4.941503540 6.037212177 6.622659323 12.18168572 12.78460656 14.20252859 14.59878351 15.15850300 21.46849195 24.18815728 35.47829513 38.38947607 39.79200230 42.83682515 45.52997078 56.01289716 57.77319711 104.8403896 116.9746081 117.9655587 124.1624235 135.2433885 155.8080026 179.2470088 182.9204666 205.6156343 220.0106040 228.8970959 239.2268634 241.2352647 246.7344862 249.3136382 250.2301304 250.4285242 251.0562400 255.5462505 257.5757039 259.8722037 260.6468109 263.7386146 266.5606282 270.4913311 272.8279793 274.9335384 279.1382024 284.8215971 285.6028402 290.8001287 294.2571380 295.4523305 301.0272398 305.7542201 312.8033818 317.8724286 321.0919999 322.6476351 324.1103791 332.0126065 341.9305523 344.8830258 352.4469090 357.2720337 364.7768141 374.7931954 378.0590260 382.4317671 387.2183249 396.5273554 403.7034726 413.6292998 428.0522567 433.7835627 445.3277992 452.6842778 461.2575796 467.5420019 470.5924927 482.8744543 489.1576500 497.6126011 505.6750098 521.5974298 536.9027713 547.6932134 570.4938370 581.6174770 603.3320298 624.1960362 631.2019403 660.0520405 669.4275449 677.1628202 715.5406837 729.2152971 761.8787008 775.3292417 782.7831076 804.4539455 835.7805957 853.0839810 862.2181223 912.4420758 932.2345409 969.7987663 975.4926206 1023.294579 1060.622888 1081.478807 1112.281492 1178.084167 1244.597881 1291.669213 1376.864843 1441.505156 1531.589049 1627.352941 1651.466934 1766.735997 1903.925499 1973.383889 2067.588009 2225.196286 2302.354205 2371.221829 2618.893948 2846.663156 3079.517874 3499.675380 3967.110520 4059.869616 4546.964902 5017.792477 5264.082597 5935.161377 7272.566833 7421.595941 7755.697631 8709.496999 9270.675082 9458.604764 11529.66879 15560.37440 20104.72520 54220.08572 61499.98221 120266.1079 1406927.485
