    unsorted:	 0.004934987260 0.05171350054 0.06102615498 0.03733559245 0.04136073932 0.08279580040 0.08988057447 0.09089966696 42.83682515 0.7894644139 2.342961936 2.181447275 252.9232483 252.6082708 254.0468669 250.6554223 249.4757082 255.6828601 258.7079868 261.0308004 244.5233399 243.2796503 242.7905716 241.2109517 240.0652617 266.5840178 268.8139551 271.8615307 273.7862100 275.7238348 278.6560441 284.3042559 232.6414741 290.9861203 299.0979787 301.5913954 311.1201800 313.5194809 320.3786529 325.7333679 327.7049990 332.8098029 209.7598269 346.1114390 352.9492016 360.7310374 367.4034507 380.3147650 187.5485411 386.5270394 392.6775311 396.8193768 397.7473073 401.8377853 4.318315061 8.814691033 11.05250966 16.95415022 16.19623579 19.68204179 22.40568828 32.03230527 36.98380453 55.35038670 54.21602523 49.28490141 57.92434273 64.62886162 67.14555944 159.2365560 100.3124095 119.9405656 118.9572677 415.1054825 431.8534544 451.1565803 453.7422130 470.4492934 479.3548218 500.6005371 520.4084745 547.2306820 558.5335789 576.9798931 596.1413321 638.7105500 653.5901452 661.9550814 678.5698360 696.4241658 720.6530426 743.2308773 762.7135650 799.3835507 826.2808525 878.1280306 897.1023624 931.1045011 942.7737244 953.7254108 980.8542409 996.0710549 1051.641373 1071.431195 1085.397668 1152.854409 1254.841129 1289.173847 1345.773708 1381.916785 1474.945849 1568.974420 1555.208685 1666.015880 1708.357555 1750.610028 1811.199698 1909.881672 1938.874304 2083.915104 2178.738605 2213.917136 2306.295642 2389.325975 2430.334044 2579.699939 2653.963430 2791.508901 2896.433801 3094.903012 3369.846800 3765.216147 3925.889581 4487.333838 4747.362357 6011.170825 6576.429194 7099.893821 8048.760372 8242.761685 10486.65689 12029.12630 16566.67739 21691.32256 37436.17583 63895.13599 59743.78907 68141.63328 74660.47868 109540.1661 175471.3886 187868.1522 321095.7507 389865.2637 1202139.644 12522955.44
      sorted:	 0.004934987260 0.03733559245 0.04136073932 0.05171350054 0.06102615498 0.08279580040 0.08988057447 0.09089966696 0.7894644139 2.181447275 2.342961936 4.318315061 8.814691033 11.05250966 16.19623579 16.95415022 19.68204179 22.40568828 32.03230527 36.98380453 42.83682515 49.28490141 54.21602523 55.35038670 57.92434273 64.62886162 67.14555944 100.3124095 118.9572677 119.9405656 159.2365560 187.5485411 209.7598269 232.6414741 240.0652617 241.2109517 242.7905716 243.2796503 244.5233399 249.4757082 250.6554223 252.6082708 252.9232483 254.0468669 255.6828601 258.7079868 261.0308004 266.5840178 268.8139551 271.8615307 273.7862100 275.7238348 278.6560441 284.3042559 290.9861203 299.0979787 301.5913954 311.1201800 313.5194809 320.3786529 325.7333679 327.7049990 332.8098029 346.1114390 352.9492016 360.7310374 367.4034507 380.3147650 386.5270394 392.6775311 396.8193768 397.7473073 401.8377853 415.1054825 431.8534544 451.1565803 453.7422130 470.4492934 479.3548218 500.6005371 520.4084745 547.2306820 558.5335789 576.9798931 596.1413321 638.7105500 653.5901452 661.9550814 678.5698360 696.4241658 720.6530426 743.2308773 762.7135650 799.3835507 826.2808525 878.1280306 897.1023624 931.1045011 942.7737244 953.7254108 980.8542409 996.0710549 1051.641373 1071.431195 1085.397668 1152.854409 1254.841129 1289.173847 1345.773708 1381.916785 1474.945849 1555.208685 1568.974420 1666.015880 1708.357555 1750.610028 1811.199698 1909.881672 1938.874304 2083.915104 2178.738605 2213.917136 2306.295642 2389.325975 2430.334044 2579.699939 2653.963430 2791.508901 2896.433801 3094.903012 3369.846800 3765.216147 3925.889581 4487.333838 4747.362357 6011.170825 6576.429194 7099.893821 8048.760372 8242.761685 10486.65689 12029.12630 16566.67739 21691.32256 37436.17583 59743.78907 63895.13599 68141.63328 74660.47868 109540.1661 175471.3886 187868.1522 321095.7507 389865.2637 1202139.644 12522955.44
