    unsorted:	 0.004934987259 250.2195941 250.4317667 251.0633569 249.3112398 255.5327324 257.5033191 260.6441867 259.9135459 263.7238479 266.5346132 246.7355964 270.5026003 272.9509311 274.8978988 279.1378092 240.7872882 284.7951988 285.5731245 290.9872009 294.2595505 295.9794922 239.2308957 301.1578155 305.7917449 312.7589183 317.8028388 321.1250837 322.6443646 324.1410518 228.9995394 332.0101796 341.9603334 344.8669423 352.4295919 220.4477256 357.1801292 364.5721310 374.9246471 378.2707927 382.4301406 387.1617743 205.7651822 396.5470196 403.8385774 413.9068657 182.9144498 179.4592875 427.9353646 433.4252152 445.2782135 452.0725888 461.2736437 467.7182338 470.9057339 482.7972981 489.2423610 0.04667691693 0.05647200057 0.04134002412 0.02758112295 0.01723456653 0.08162450809 155.9056399 1.011018610 1.703161470 2.667867791 4.945185209 5.977468399 6.588427310 12.84856715 12.12948730 14.21878395 14.65651905 15.37233035 21.73892209 24.12600911 135.3084129 35.39153931 124.9411540 118.3840069 117.1893407 104.8771180 45.46674547 57.86239274 55.93805027 497.7975866 505.5942294 521.4929621 536.5663374 546.8635882 570.0656854 581.1909857 603.2016990 624.2417418 631.1323250 660.1726383 669.6044001 677.0254498 715.8348495 729.6234978 761.7656220 776.7189692 784.6380873 804.3385290 839.6731222 853.1651668 862.4185071 911.9498004 932.8820927 970.4255412 975.7481203 1022.961992 1060.656864 1079.721879 1112.843417 1177.308319 1245.853457 1291.259261 1376.085112 1441.711503 1531.414602 1626.655289 1650.555364 1767.191767 1904.866059 1973.366635 2067.023737 2224.268280 2302.934399 2370.944787 2618.592490 2845.582767 3077.648708 3497.328179 3964.801378 4059.343403 4543.820214 5016.383952 5259.763945 5933.920718 7265.034008 7407.554079 7746.850313 8694.920475 9269.039968 9455.108500 11528.98352 15543.27592 20106.97848 54226.32291 64701.37672 120196.0723 1400631.158
      sorted:	 0.004934987259 0.01723456653 0.02758112295 0.04134002412 0.04667691693 0.05647200057 0.08162450809 1.011018610 1.703161470 2.667867791 4.945185209 5.977468399 6.588427310 12.12948730 12.84856715 14.21878395 14.65651905 15.37233035 21.73892209 24.12600911 35.39153931 45.46674547 55.93805027 57.86239274 104.8771180 117.1893407 118.3840069 124.9411540 135.3084129 155.9056399 179.4592875 182.9144498 205.7651822 220.4477256 228.9995394 239.2308957 240.7872882 246.7355964 249.3112398 250.2195941 250.4317667 251.0633569 255.5327324 257.5033191 259.9135459 260.6441867 263.7238479 266.5346132 270.5026003 272.9509311 274.8978988 279.1378092 284.7951988 285.5731245 290.9872009 294.2595505 295.9794922 301.1578155 305.7917449 312.7589183 317.8028388 321.1250837 322.6443646 324.1410518 332.0101796 341.9603334 344.8669423 352.4295919 357.1801292 364.5721310 374.9246471 378.2707927 382.4301406 387.1617743 396.5470196 403.8385774 413.9068657 427.9353646 433.4252152 445.2782135 452.0725888 461.2736437 467.7182338 470.9057339 482.7972981 489.2423610 497.7975866 505.5942294 521.4929621 536.5663374 546.8635882 570.0656854 581.1909857 603.2016990 624.2417418 631.1323250 660.1726383 669.6044001 677.0254498 715.8348495 729.6234978 761.7656220 776.7189692 784.6380873 804.3385290 839.6731222 853.1651668 862.4185071 911.9498004 932.8820927 970.4255412 975.7481203 1022.961992 1060.656864 1079.721879 1112.843417 1177.308319 1245.853457 1291.259261 1376.085112 1441.711503 1531.414602 1626.655289 1650.555364 1767.191767 1904.866059 1973.366635 2067.023737 2224.268280 2302.934399 2370.944787 2618.592490 2845.582767 3077.648708 3497.328179 3964.801378 4059.343403 4543.820214 5016.383952 5259.763945 5933.920718 7265.034008 7407.554079 7746.850313 8694.920475 9269.039968 9455.108500 11528.98352 15543.27592 20106.97848 54226.32291 64701.37672 120196.0723 1400631.158
