    unsorted:	 0.004934987258 250.4051190 250.2198730 251.0321042 249.3005718 255.5336611 257.5041074 260.6822851 259.8944314 263.7254905 266.5339312 246.7356799 270.5249013 272.8483284 274.8920719 279.1366134 240.9576841 284.7895905 285.5845899 290.9854256 294.2537424 295.9078918 239.2320957 301.1688677 305.7807481 312.7569744 317.8155535 321.1437949 322.6690183 324.2150812 228.9775475 332.0396644 341.9964954 344.8914992 220.4955777 352.4398077 357.2009593 364.5707191 205.7737105 374.9345593 378.2710322 382.4358794 387.1756474 396.5493798 403.8018948 414.0408660 182.9171995 179.3992376 42.83682515 427.9913786 433.4298855 0.04666499410 0.05647090290 0.04134357556 0.02758607262 0.01723706371 0.08162795364 155.8906517 1.004761125 1.703041230 2.668269084 4.946103309 5.972446106 6.588748090 12.84870107 12.12711548 14.21859651 14.65554495 15.25558417 21.74196319 24.11975133 35.38118228 42.22166860 45.46554806 135.3106490 124.7645295 118.3293613 117.1731989 104.8800419 57.86658485 55.93827591 445.2247811 452.0769561 461.3075431 467.6426688 470.8873767 482.8558642 489.2651010 497.7099519 505.5901304 521.4772576 536.5940412 546.8123939 570.0730181 581.2013376 603.2449081 624.2501439 631.1514186 660.1278781 669.5110019 676.9921615 715.8940177 729.3039581 761.7775772 776.6644250 784.6746042 804.3151713 839.7065268 853.1367002 862.4049357 911.7044773 932.8617730 970.4837556 975.7995091 1022.561054 1060.937803 1079.739832 1112.851827 1177.669520 1245.936969 1292.440739 1376.207648 1442.220417 1531.606010 1626.727026 1650.973327 1767.373798 1905.251788 1973.978124 2067.377748 2224.871964 2303.149718 2371.161426 2618.964753 2845.783655 3078.279166 3498.064964 3965.669012 4059.581065 4543.951425 5016.387263 5259.891766 5935.065658 7269.474579 7407.360652 7750.467333 8704.204986 9269.378752 9457.793670 11529.91658 15542.82932 20107.26879 54226.19723 61491.61988 120288.1480 1402824.819
      sorted:	 0.004934987258 0.01723706371 0.02758607262 0.04134357556 0.04666499410 0.05647090290 0.08162795364 1.004761125 1.703041230 2.668269084 4.946103309 5.972446106 6.588748090 12.12711548 12.84870107 14.21859651 14.65554495 15.25558417 21.74196319 24.11975133 35.38118228 42.22166860 42.83682515 45.46554806 55.93827591 57.86658485 104.8800419 117.1731989 118.3293613 124.7645295 135.3106490 155.8906517 179.3992376 182.9171995 205.7737105 220.4955777 228.9775475 239.2320957 240.9576841 246.7356799 249.3005718 250.2198730 250.4051190 251.0321042 255.5336611 257.5041074 259.8944314 260.6822851 263.7254905 266.5339312 270.5249013 272.8483284 274.8920719 279.1366134 284.7895905 285.5845899 290.9854256 294.2537424 295.9078918 301.1688677 305.7807481 312.7569744 317.8155535 321.1437949 322.6690183 324.2150812 332.0396644 341.9964954 344.8914992 352.4398077 357.2009593 364.5707191 374.9345593 378.2710322 382.4358794 387.1756474 396.5493798 403.8018948 414.0408660 427.9913786 433.4298855 445.2247811 452.0769561 461.3075431 467.6426688 470.8873767 482.8558642 489.2651010 497.7099519 505.5901304 521.4772576 536.5940412 546.8123939 570.0730181 581.2013376 603.2449081 624.2501439 631.1514186 660.1278781 669.5110019 676.9921615 715.8940177 729.3039581 761.7775772 776.6644250 784.6746042 804.3151713 839.7065268 853.1367002 862.4049357 911.7044773 932.8617730 970.4837556 975.7995091 1022.561054 1060.937803 1079.739832 1112.851827 1177.669520 1245.936969 1292.440739 1376.207648 1442.220417 1531.606010 1626.727026 1650.973327 1767.373798 1905.251788 1973.978124 2067.377748 2224.871964 2303.149718 2371.161426 2618.964753 2845.783655 3078.279166 3498.064964 3965.669012 4059.581065 4543.951425 5016.387263 5259.891766 5935.065658 7269.474579 7407.360652 7750.467333 8704.204986 9269.378752 9457.793670 11529.91658 15542.82932 20107.26879 54226.19723 61491.61988 120288.1480 1402824.819
