    unsorted:	 0.004934987274 249.8979047 250.2219863 250.8341601 248.9269849 260.5306981 260.0425155 255.5278038 257.4784399 263.5510827 266.5142057 269.3866033 270.8728104 246.7258342 274.8930526 279.1386896 284.5834636 285.5175114 290.9979406 292.8251724 294.3229032 240.5303134 239.2045020 300.7352291 305.5256025 312.6731199 317.7718844 321.0837962 322.5964995 323.9005139 228.9776671 331.9523721 341.9047388 344.5060761 219.9953566 352.4028990 357.1415260 364.5704852 375.2497711 378.2672459 382.4148470 387.1287849 204.9772289 396.5306337 404.0510293 413.7239500 182.9139171 179.6799052 427.9157501 433.4239967 42.83682515 445.2671791 452.0539157 461.2660432 467.7931677 470.8352919 0.04668888280 0.05649681831 0.04133288363 0.02757007146 0.01723274212 0.08162612690 154.5122133 135.2598049 1.015466704 1.703380177 2.667825345 4.941688422 5.977394255 6.587336566 12.84985898 12.13376021 14.22114286 14.67113918 41.12626589 21.73740368 24.13445850 35.39836809 29.75950130 45.46517648 57.89192217 55.93743025 120.6916007 117.3585711 104.8824437 482.4729408 489.0474547 498.0099678 505.6678728 521.5303352 536.5354179 546.7876181 570.0532487 581.1660062 603.1202718 624.2475267 631.0751811 660.2603478 669.7801436 677.0449180 716.0321838 730.8612904 761.7824343 776.9175582 784.5876029 804.2269947 839.6573335 852.9824639 862.3381154 912.7193402 932.8664678 970.2262921 975.5137352 1023.975096 1060.177312 1078.907897 1112.923698 1175.362559 1245.360543 1286.038696 1375.696465 1439.290903 1530.532185 1626.449853 1647.486428 1766.570146 1901.605785 1969.556326 2005.272662 2066.087057 2222.834566 2303.417656 2370.822117 2618.232464 2844.647905 3008.366619 3078.903267 3495.757175 3961.911926 4058.610356 4543.077147 5016.066384 5259.180916 5930.216386 7250.889158 7407.020460 7735.021103 8663.488264 9268.301255 9446.953857 11526.15290 15544.79329 20105.88337 61452.15916 54226.89361 120360.7111 1393502.907
      sorted:	 0.004934987274 0.01723274212 0.02757007146 0.04133288363 0.04668888280 0.05649681831 0.08162612690 1.015466704 1.703380177 2.667825345 4.941688422 5.977394255 6.587336566 12.13376021 12.84985898 14.22114286 14.67113918 21.73740368 24.13445850 29.75950130 35.39836809 41.12626589 42.83682515 45.46517648 55.93743025 57.89192217 104.8824437 117.3585711 120.6916007 135.2598049 154.5122133 179.6799052 182.9139171 204.9772289 219.9953566 228.9776671 239.2045020 240.5303134 246.7258342 248.9269849 249.8979047 250.2219863 250.8341601 255.5278038 257.4784399 260.0425155 260.5306981 263.5510827 266.5142057 269.3866033 270.8728104 274.8930526 279.1386896 284.5834636 285.5175114 290.9979406 292.8251724 294.3229032 300.7352291 305.5256025 312.6731199 317.7718844 321.0837962 322.5964995 323.9005139 331.9523721 341.9047388 344.5060761 352.4028990 357.1415260 364.5704852 375.2497711 378.2672459 382.4148470 387.1287849 396.5306337 404.0510293 413.7239500 427.9157501 433.4239967 445.2671791 452.0539157 461.2660432 467.7931677 470.8352919 482.4729408 489.0474547 498.0099678 505.6678728 521.5303352 536.5354179 546.7876181 570.0532487 581.1660062 603.1202718 624.2475267 631.0751811 660.2603478 669.7801436 677.0449180 716.0321838 730.8612904 761.7824343 776.9175582 784.5876029 804.2269947 839.6573335 852.9824639 862.3381154 912.7193402 932.8664678 970.2262921 975.5137352 1023.975096 1060.177312 1078.907897 1112.923698 1175.362559 1245.360543 1286.038696 1375.696465 1439.290903 1530.532185 1626.449853 1647.486428 1766.570146 1901.605785 1969.556326 2005.272662 2066.087057 2222.834566 2303.417656 2370.822117 2618.232464 2844.647905 3008.366619 3078.903267 3495.757175 3961.911926 4058.610356 4543.077147 5016.066384 5259.180916 5930.216386 7250.889158 7407.020460 7735.021103 8663.488264 9268.301255 9446.953857 11526.15290 15544.79329 20105.88337 54226.89361 61452.15916 120360.7111 1393502.907
